0 0.4142857140625 0.098571428125 0.40142857187500003 0.078571428125 0.38 0.0428571421875 0.368571428125 0.021428571875 0.318571428125 0.008571428124999999 0.28571428593750003 0.0128571421875 0.2528571421875 0.03 0.23571428593750002 0.0657142859375 0.231428571875 0.098571428125 0.22142857187499998 0.12 0.2171428578125 0.1371428578125 0.24 0.1528571421875 0.308571428125 0.1442857140625 0.4142857140625 0.098571428125
0 0.5742857140625001 0.208571428125 0.6342857140625 0.198571428125 0.6757142859374999 0.1957142859375 0.7428571421875 0.1871428578125 0.7871428578125 0.16 0.778571428125 0.141428571875 0.7757142859374999 0.13 0.761428571875 0.08857142812499999 0.7471428578125 0.0671428578125 0.73 0.048571428124999996 0.6771428578124999 0.0371428578125 0.621428571875 0.048571428124999996 0.5942857140625 0.06999999999999999 0.5700000000000001 0.10142857187500001 0.5557142859375 0.128571428125 0.521428571875 0.151428571875 0.531428571875 0.1757142859375 0.541428571875 0.2028571421875 0.5742857140625001 0.208571428125
0 0.11428571406250002 0.5471428578124999 0.13571428593749998 0.5557142859375 0.138571428125 0.5557142859375 0.16571428593749998 0.5700000000000001 0.1642857140625 0.5571428578125001 0.1528571421875 0.5457142859374999 0.151428571875 0.531428571875 0.1 0.501428571875 0.078571428125 0.531428571875 0.071428571875 0.5457142859374999 0.0657142859375 0.5571428578125001 0.0942857140625 0.5471428578124999 0.11428571406250002 0.5471428578124999
0 0.308571428125 0.5585714281249999 0.3042857140625 0.531428571875 0.29571428593750004 0.5071428578125 0.2657142859375 0.5042857140625 0.241428571875 0.5028571421875 0.2328571421875 0.518571428125 0.2257142859375 0.541428571875 0.24571428593750003 0.5642857140624999 0.2828571421875 0.5628571421874999 0.308571428125 0.5585714281249999
0 0.51 0.5271428578124999 0.4928571421875 0.5257142859374999 0.4771428578125 0.5371428578125 0.46285714218749996 0.5657142859375 0.5142857140625 0.5642857140624999 0.5 0.5542857140625 0.51 0.5271428578124999
0 0.5128571421875 0.528571428125 0.5057142859375 0.5542857140625 0.5371428578125 0.5642857140624999 0.5871428578125 0.5671428578125 0.578571428125 0.5371428578125 0.5642857140624999 0.508571428125 0.5342857140625 0.5142857140625 0.5128571421875 0.528571428125
0 0.7357142859375 0.5528571421875 0.7528571421875 0.5442857140624999 0.7457142859375 0.5257142859374999 0.73 0.5157142859375 0.7157142859375 0.5328571421875 0.7271428578125 0.5371428578125 0.7328571421875 0.54 0.7357142859375 0.5528571421875
0 0.9400000000000001 0.5542857140625 0.9071428578124999 0.5071428578125 0.8628571421875 0.5157142859375 0.8628571421875 0.538571428125 0.8628571421875 0.5757142859375 0.8699999999999999 0.5671428578125 0.9042857140624999 0.5542857140625 0.9400000000000001 0.5542857140625
0 0.098571428125 0.8071428578125 0.1171428578125 0.8071428578125 0.1171428578125 0.7928571421874999 0.09 0.768571428125 0.071428571875 0.7728571421875 0.068571428125 0.7857142859375 0.0671428578125 0.8071428578125 0.098571428125 0.8071428578125
0 0.188571428125 0.8171428578125 0.1771428578125 0.8114285718750001 0.1542857140625 0.8242857140625001 0.15 0.8442857140625 0.17285714218749998 0.8614285718750001 0.17428571406249999 0.871428571875 0.181428571875 0.8442857140625 0.188571428125 0.8171428578125
0 0.2571428578125 0.9199999999999999 0.23714285781250002 0.9228571421874999 0.22714285781250002 0.9385714281249999 0.2628571421875 0.95 0.278571428125 0.9400000000000001 0.2571428578125 0.9199999999999999
0 0.27999999999999997 0.8042857140624999 0.2971428578125 0.8071428578125 0.3357142859375 0.8 0.341428571875 0.7771428578124999 0.3228571421875 0.768571428125 0.3128571421875 0.768571428125 0.291428571875 0.778571428125 0.27999999999999997 0.8042857140624999
0 0.5542857140625 0.8914285718749999 0.5585714281249999 0.878571428125 0.548571428125 0.8642857140625001 0.5471428578124999 0.8471428578125 0.531428571875 0.8228571421875 0.5042857140625 0.8157142859375 0.4871428578125 0.838571428125 0.468571428125 0.8528571421875 0.481428571875 0.8614285718750001 0.52 0.881428571875 0.5542857140625 0.8914285718749999
0 0.6971428578125 0.8585714281250001 0.6742857140625 0.8442857140625 0.6442857140625 0.8442857140625 0.631428571875 0.8628571421875 0.628571428125 0.8914285718749999 0.671428571875 0.8885714281249999 0.6928571421874999 0.8742857140625 0.6971428578125 0.8585714281250001
0 0.7628571421875 0.8957142859375 0.781428571875 0.8928571421875 0.7671428578125 0.8699999999999999 0.7428571421875 0.8585714281250001 0.708571428125 0.8728571421875 0.698571428125 0.8928571421875 0.6971428578125 0.918571428125 0.698571428125 0.9285714281249999 0.73 0.9028571421875 0.7628571421875 0.8957142859375
0 0.9642857140625001 0.8357142859375 0.97 0.8557142859375 0.9857142859374999 0.85 0.9857142859374999 0.838571428125 0.971428571875 0.8214285718750001 0.9457142859375001 0.8157142859375 0.9257142859374999 0.8257142859375 0.908571428125 0.8485714281250001 0.9285714281249999 0.8457142859375001 0.9471428578125 0.8342857140625 0.9642857140625001 0.8357142859375