0 1 0.27539770468749997 0.9763465828125 0.26193829218750003 0.9427153640625001 0.2551378609375 0.9213023984375001 0.24326020625 0.9039037296875 0.23759486562499998 0.8860201390625001 0.260070759375 0.889921134375 0.33152285 0.9295070375 0.444025728125 0.9510953593749999 0.43218921093749996 0.989535371875 0.41263366562500003 1 0.407958640625 1 0.27539770468749997
0 0.8883018078125 0.5879516984375 0.8671673859375 0.5508841828125 0.8413583859375 0.55945975625 0.8125980109375 0.56782895 0.8043218953125001 0.6013569796875 0.81031771875 0.6640581421875 0.8102765796875 0.707059428125 0.814280765625 0.777035834375 0.8391199171875 0.8247427249999999 0.8589229812499999 0.8172300765625 0.8709348531250001 0.815104225 0.9147616609375 0.8033398703125 0.9379288593749999 0.79013085625 0.9583510640625 0.7737640906250001 0.9739745875000001 0.7199892109375 0.9661935078124999 0.66161191875 0.946018821875 0.6320260249999999 0.9153079500000001 0.604669175 0.8883018078125 0.5879516984375
0 0.47720304843749994 0.126197425 0.46048557343749996 0.15320356875000002 0.4738699421875 0.1526565921875 0.486500953125 0.14167662187500002 0.5013610093749999 0.141232834375 0.5360652671875 0.0902751140625 0.5066237015625 0.065972825 0.49238278593749996 0.057562490625 0.48099005625 0.050834225 0.489256059375 0.081070284375 0.4878113984375 0.10172989531250001 0.477409428125 0.123246053125 0.47720304843749994 0.126197425
0 0.508760353125 0.2262756734375 0.4856653203125 0.2172462 0.46060967656249996 0.23625477031250003 0.459402421875 0.274725809375 0.461972059375 0.3015977359375 0.49031967343750005 0.2991312859375 0.516025484375 0.2920313984375 0.5211438484375 0.2612483625 0.5243737640624999 0.23626488281250002 0.508760353125 0.2262756734375
0 0.47193093125 0.47727658906250003 0.443449103125 0.4604559234375 0.44120994687500004 0.5136838265625 0.452571653125 0.499649290625 0.47988736562499995 0.5119397078125 0.48260133281249995 0.49433465937500004 0.47193093125 0.47727658906250003
0 0.47820529843750004 0.514787890625 0.4521588921875 0.5055520359375001 0.43955890625 0.537294809375 0.43299588125 0.5887374546874999 0.46460443749999997 0.582050328125 0.49515006718750004 0.5693572625 0.4914143125 0.5379550890625 0.47820529843750004 0.514787890625
0 0.43702098125 0.7432407484375 0.44463681875 0.7615681265625 0.46433669375 0.7555311640625 0.4758015890625 0.74002094375 0.45912525156250006 0.7240257984375 0.45387267343750004 0.7355217203125 0.450508540625 0.7412180859374999 0.43702098125 0.7432407484375
0 0.42078911718749995 0.954160721875 0.47186014218750005 0.9236252046875 0.46620491406250003 0.8772597843750001 0.44259393124999996 0.87560874375 0.404226084375 0.872925803125 0.4125642515625 0.8809233750000001 0.42336886875 0.9172685609375 0.42078911718749995 0.954160721875
0 0.22037155312499998 0.06671675625 0.21903008281249997 0.08590067968750001 0.233786946875 0.0869325796875 0.260834228125 0.060648768750000005 0.2577486390625 0.0411552734375 0.24467384062500003 0.037275190624999996 0.222641734375 0.0342516546875 0.22037155312499998 0.06671675625
0 0.203540775 0.15896267343749998 0.210269040625 0.147569940625 0.19863890312500002 0.123030246875 0.1782888625 0.1171585265625 0.158929584375 0.1395312296875 0.14849658906250002 0.14028458593749998 0.17601868125 0.1496236296875 0.203540775 0.15896267343749998
0 0.07013076562500001 0.2430565765625 0.0923382265625 0.22236594062499998 0.0908315140625 0.20149995 0.07532129374999999 0.190035053125 0.06093605 0.2261016953125 0.07013076562500001 0.2430565765625
0 0.210217790625 0.2543353171875 0.20602813593749997 0.27183717343749997 0.2106204359375 0.3121966578125 0.23381865937500002 0.319750446875 0.24401425 0.3011856609375 0.2447365796875 0.29085585625 0.23595462500000003 0.2679982296875 0.210217790625 0.2543353171875
0 0.172872415625 0.5127146640625 0.182211459375 0.485192571875 0.15983875625 0.46583329375 0.1464233640625 0.44561746874999997 0.1366405328125 0.45827950624999997 0.11319479218749999 0.4966783796875 0.100388425 0.531372525 0.1133600328125 0.5367282953125 0.12883922812499998 0.527430390625 0.14665065625 0.527192984375 0.172872415625 0.5127146640625
0 0.124010209375 0.68131454375 0.1404181140625 0.6587354609375 0.14258510625 0.62774604375 0.12432989218749999 0.6131233953125 0.0950225421875 0.608108221875 0.0948782140625 0.6525851953124999 0.108087228125 0.6757523921875 0.124010209375 0.68131454375
0 0.08849054375 0.6803136671875001 0.062031378125 0.6769805609375 0.051598382812499996 0.6777339171875 0.07589055781250001 0.712056440625 0.08089561875 0.7465131796875 0.082505521875 0.7659034828125 0.1071484046875 0.752797659375 0.1207081265625 0.7285365109375 0.108427825 0.6920881343749999 0.08849054375 0.6803136671875001
0 0.10725228125 0.9633770374999999 0.1102862453125 0.9739695078124999 0.131321484375 0.9754404359375 0.1425655671875 0.9673292859375 0.15032573437500002 0.9411796906250001 0.1414405890625 0.9197977484375001 0.11906788593749999 0.9004384703125 0.1205745984375 0.9213044609375001 0.1310386203125 0.9413139046874999 0.12832465312500002 0.958918953125 0.10725228125 0.9633770374999999